-200 100 250 10 normal
-200 0 10 100 normal
330 -1130 30 910 normal
1160 -140 10 10 normal
1880 -140 390 20 normal
690 -330 1190 10 normal
1880 -330 390 20 normal
690 -1020 10 690 normal
360 -1020 330 10 normal
350 -1200 10 70 normal
340 -1160 10 20 normal
330 -1140 10 10 normal
530 -1030 10 10 normal
510 -1090 10 70 normal
630 -1060 10 40 normal
570 -1110 20 90 normal
580 -1160 10 50 normal
690 -1080 20 70 normal
700 -1130 10 50 normal
700 -1150 10 10 normal
590 -1170 10 10 normal
560 -1130 10 10 normal
2260 -1140 10 810 normal
2660 -450 20 20 normal
2910 -270 20 30 normal
3270 -490 80 20 normal
3320 -10 220 10 normal
3470 -270 20 30 normal
3570 -450 40 30 normal
3770 -360 30 20 normal
3760 -440 20 20 normal
3700 -210 10 40 normal
3920 -230 20 10 normal
3990 -360 10 20 normal
3960 -450 10 10 normal
4130 -410 30 10 normal
4230 -350 30 10 normal
4260 -250 10 10 normal
4130 -210 10 10 normal
4260 -290 20 10 normal
4440 -290 30 10 normal
4500 -170 20 10 normal
4390 -260 10 10 normal
4370 -390 20 10 normal
4600 -400 40 10 normal
4780 -260 10 10 normal
4730 -110 10 10 normal
4670 -280 10 10 normal
4780 -360 10 10 normal
5350 -380 140 10 normal
6160 -1520 20 1110 normal
6160 -190 20 1710 normal
1020 -130 10 1600 normal
1030 -130 850 10 normal
690 -320 10 90 normal
-1820 100 1410 10 normal
-1690 -390 1320 10 normal
-3270 190 1030 10 death
-2250 200 10 1470 death
-3460 -210 20 20 normal
-3820 150 70 10 normal
-3820 100 10 50 normal
-4010 60 10 10 normal
-3970 60 10 10 normal
-4020 100 70 10 normal
-4030 80 90 20 normal
6180 -30 840 10 lava
6180 -770 840 10 lava
7010 -760 10 730 lava
6990 -760 20 730 win