-40 20 100 10 normal
180 -260 40 40 normal
620 0 10 20 normal
810 -260 30 30 normal
2840 -90 160 10 normal
3670 -100 10 650 lava
50 30 10 220 normal
60 240 350 10 noGrapple
400 20 10 220 noGrapple
1080 -130 10 380 noGrapple
1260 -120 10 220 normal
1090 -130 180 10 normal
1330 -130 170 10 normal
1270 -130 60 10 oneWay
1270 -90 60 10 oneWay
1270 -110 60 10 oneWay
1270 -70 60 10 oneWay
2280 -120 10 230 noGrapple
2290 -120 550 10 noGrapple
2830 -110 10 30 noGrapple
3130 -110 10 30 noGrapple
3140 -110 540 10 lava
4250 -140 10 20 normal
2840 -110 20 10 oneWay
1260 100 1020 10 noGrapple
1260 110 1030 10 lava
1990 -120 10 200 noGrapple
1700 -120 10 200 noGrapple
1710 70 280 10 noGrapple
630 20 30 10 oneWay
630 40 30 10 oneWay
630 60 30 10 oneWay
630 80 30 10 oneWay
630 100 30 10 oneWay
410 20 220 10 normal
620 30 10 220 normal
630 240 450 10 noGrapple
60 20 30 10 oneWay
60 40 30 10 oneWay
60 60 30 10 oneWay
660 20 10 10 normal
90 20 10 10 normal
1700 -130 300 10 noGrapple
3290 -490 20 20 normal
3260 -430 80 10 oneWay
3260 -450 20 10 oneWay
3260 -470 20 10 oneWay
3260 -490 20 10 oneWay
-860 550 4540 10 lava
-870 -1010 10 1570 lava
-870 -1020 7310 10 lava
3680 550 2760 10 lava
6430 -1010 10 1560 lava
3370 -150 300 10 noGrapple
3370 -180 10 30 noGrapple
3250 -190 130 10 noGrapple
3250 -490 10 300 noGrapple
3380 -170 20 10 oneWay
3380 -190 20 10 oneWay
3130 -120 550 10 noGrapple
3800 -120 460 10 noGrapple
4400 -340 70 20 normal
4830 -340 70 20 normal
5050 -400 1100 10 normal
5050 -140 1100 10 normal
6410 -510 20 510 win